1,18c1,18
< 0 	 -1.3690871000 -0.5521653891 0.5269378424 	 -10.9018001556 -5.3055219650 3.6366333961 	 -198.2645568848 -96.6098098755 65.8889999390 
< 1 	 -0.2298038453 -0.9296745658 -0.7583954930 	 -1.8701570034 -8.5631179810 -6.4654488564 	 -34.0359458923 -156.0616607666 -117.5138854980 
< 2 	 0.4257332087 1.0634592772 -0.6120339036 	 3.8210937977 8.4149742126 -5.3836798668 	 69.7358245850 153.4414672852 -97.8874435425 
< 3 	 -1.3875075579 -0.4368107319 0.7704448700 	 -10.9307155609 -4.1692142487 5.9957914352 	 -198.5938415527 -75.7720870972 109.1855010986 
< 4 	 -0.5362877846 -1.0934820175 -1.1674966812 	 -4.3031730652 -9.1158313751 -9.5243844986 	 -78.3757934570 -165.3890228271 -173.1565856934 
< 5 	 0.7827600241 -1.2682589293 0.1556218565 	 6.5375061035 -10.7876644135 1.3498386145 	 118.9593048096 -196.0278015137 24.8690109253 
< 6 	 0.2182069868 0.6467466950 1.4012010098 	 2.2283763885 3.9961383343 10.9464235306 	 40.7822647095 72.2432174683 199.2281494141 
< 7 	 -0.8690183163 -0.1655927449 0.0276945643 	 -7.6844878197 -1.8522509336 -0.2484661490 	 -140.4789123535 -33.3385925293 -4.8899674416 
< 8 	 0.2560607791 0.1047664955 0.6975396872 	 2.7219693661 -0.1507843584 6.0249471664 	 50.0655555725 -3.1265406609 110.1786651611 
< 9 	 0.4176768363 0.8593283296 0.2408005148 	 4.0097308159 6.6866717339 1.8367383480 	 73.4323959351 122.0314712524 33.5112953186 
< 10 	 -0.6438457966 0.8941037059 1.1730670929 	 -4.8319120407 5.8644728661 8.6400327682 	 -87.7338790894 106.2481613159 156.9666137695 
< 11 	 1.3468523026 -0.7435436845 -1.0797528028 	 10.3987388611 -6.1889457703 -7.9760322571 	 188.9520874023 -112.3453903198 -144.3230590820 
< 12 	 -0.8254201412 1.0681295395 1.3786435127 	 -6.4122853279 7.2624130249 10.2834100723 	 -116.5983810425 131.6461181641 186.7720947266 
< 13 	 0.0358521640 1.2153519392 -0.4771629572 	 0.0275808796 9.7147636414 -4.3610944748 	 0.0699040219 177.0614929199 -79.4758529663 
< 14 	 -0.6550610065 -0.8692433834 -0.0443915986 	 -5.5086698532 -8.3156318665 -0.3161403239 	 -100.3318710327 -151.7987976074 -5.3768601418 
< 15 	 -0.3340385556 1.4286185503 0.1595070660 	 -2.8227944374 11.1157751083 0.6842579842 	 -51.6086616516 202.3470306396 12.1949043274 
< 16 	 1.3350521326 0.1358239353 -0.5532123446 	 11.3706140518 0.5609053373 -4.2807297707 	 207.0942840576 10.3298683167 -77.3194503784 
< 17 	 1.2626392841 0.7485601902 0.7457072735 	 10.4697141647 4.9266500473 5.4578089714 	 190.5957641602 89.2385330200 99.0710525513 
---
> 0 	 -1.3690871000 -0.5521653891 0.5269378424 	 -10.9018001556 -5.3055219650 3.6366329193 	 -198.2645568848 -96.6098098755 65.8889923096 
> 1 	 -0.2298038304 -0.9296745658 -0.7583954930 	 -1.8701570034 -8.5631170273 -6.4654488564 	 -34.0359458923 -156.0616455078 -117.5138931274 
> 2 	 0.4257332087 1.0634592772 -0.6120339036 	 3.8210940361 8.4149742126 -5.3836798668 	 69.7358245850 153.4414672852 -97.8874359131 
> 3 	 -1.3875075579 -0.4368107319 0.7704448700 	 -10.9307155609 -4.1692147255 5.9957919121 	 -198.5938415527 -75.7720870972 109.1855087280 
> 4 	 -0.5362877846 -1.0934820175 -1.1674968004 	 -4.3031730652 -9.1158313751 -9.5243854523 	 -78.3757934570 -165.3890228271 -173.1565856934 
> 5 	 0.7827600241 -1.2682589293 0.1556218565 	 6.5375061035 -10.7876644135 1.3498384953 	 118.9593048096 -196.0278015137 24.8690090179 
> 6 	 0.2182069868 0.6467466950 1.4012012482 	 2.2283761501 3.9961383343 10.9464244843 	 40.7822647095 72.2432174683 199.2281799316 
> 7 	 -0.8690183163 -0.1655927449 0.0276945625 	 -7.6844882965 -1.8522510529 -0.2484661937 	 -140.4789276123 -33.3385925293 -4.8899679184 
> 8 	 0.2560607493 0.1047664955 0.6975397468 	 2.7219691277 -0.1507843286 6.0249471664 	 50.0655517578 -3.1265404224 110.1786727905 
> 9 	 0.4176768363 0.8593282700 0.2408005148 	 4.0097308159 6.6866717339 1.8367385864 	 73.4323883057 122.0314636230 33.5113029480 
> 10 	 -0.6438457966 0.8941036463 1.1730670929 	 -4.8319125175 5.8644723892 8.6400318146 	 -87.7338714600 106.2481536865 156.9666137695 
> 11 	 1.3468523026 -0.7435436845 -1.0797528028 	 10.3987388611 -6.1889457703 -7.9760327339 	 188.9520874023 -112.3453903198 -144.3230590820 
> 12 	 -0.8254201412 1.0681295395 1.3786435127 	 -6.4122858047 7.2624130249 10.2834100723 	 -116.5983886719 131.6461181641 186.7720947266 
> 13 	 0.0358521603 1.2153519392 -0.4771629870 	 0.0275809020 9.7147636414 -4.3610949516 	 0.0699048340 177.0615081787 -79.4758605957 
> 14 	 -0.6550609469 -0.8692435026 -0.0443915986 	 -5.5086698532 -8.3156328201 -0.3161403537 	 -100.3318634033 -151.7987976074 -5.3768610954 
> 15 	 -0.3340385556 1.4286185503 0.1595070660 	 -2.8227944374 11.1157751083 0.6842580438 	 -51.6086616516 202.3470306396 12.1949071884 
> 16 	 1.3350521326 0.1358239353 -0.5532123446 	 11.3706150055 0.5609052777 -4.2807302475 	 207.0942840576 10.3298664093 -77.3194503784 
> 17 	 1.2626392841 0.7485601902 0.7457072139 	 10.4697141647 4.9266500473 5.4578084946 	 190.5957489014 89.2385406494 99.0710372925 
20,32c20,32
< 19 	 -0.9471367598 1.3138426542 -1.1108942032 	 -7.1413054466 8.9192161560 -8.5153732300 	 -129.9066925049 161.6568298340 -154.5323333740 
< 20 	 0.7545289993 -0.7538453341 1.2745400667 	 6.2180790901 -6.4973101616 9.6311635971 	 113.1525192261 -117.9962615967 174.9683990479 
< 21 	 0.5092591643 -0.8858681917 -0.9045699239 	 4.4034171104 -8.0764694214 -7.4433836937 	 80.2084960938 -147.0986938477 -135.1355590820 
< 22 	 0.8517655730 -0.2200328857 -1.2417297363 	 6.9643082619 -2.1960756779 -10.3102779388 	 126.5631484985 -39.6748962402 -187.5241851807 
< 23 	 0.7918926477 1.2351270914 1.3896096945 	 6.2916498184 8.3101663589 9.7865848541 	 114.4483261108 150.7273101807 177.4896240234 
< 24 	 -1.1357982159 -0.7984598279 -0.8071538806 	 -9.3357553482 -6.6378722191 -6.6937255859 	 -170.0117492676 -120.1324920654 -121.6810379028 
< 25 	 0.3060505092 0.3430209160 -0.8751906753 	 2.4959328175 2.4279561043 -8.0146636963 	 45.1057853699 44.4433479309 -146.3907775879 
< 26 	 -0.9868105650 0.1426555067 0.8108283877 	 -8.1239309311 0.3985455036 6.3150901794 	 -147.9974365234 7.2315015793 114.9237670898 
< 27 	 -0.0552730523 -0.0960329324 0.1675127447 	 -0.2893875241 -1.6754813194 1.4584716558 	 -5.1984982491 -30.7257385254 26.9113311768 
< 28 	 -0.7459121346 1.2095910311 1.1175767183 	 -5.7384996414 8.9412631989 7.7135672569 	 -104.3529052734 162.7761383057 139.5179443359 
< 29 	 0.1832261831 -1.2172425985 1.0973716974 	 1.5463480949 -10.1925401688 8.3067741394 	 28.0654888153 -185.1770477295 150.9548797607 
< 30 	 0.5253806710 0.9999469519 -1.1094136238 	 4.3500075340 7.5885171890 -9.5191221237 	 79.0011520386 138.0482025146 -173.2484893799 
< 31 	 0.3874726593 0.0028728624 -0.4488339126 	 3.6855511665 -0.6709418893 -3.9246096611 	 67.4932327271 -12.1858205795 -71.3353271484 
---
> 19 	 -0.9471367598 1.3138426542 -1.1108942032 	 -7.1413054466 8.9192161560 -8.5153741837 	 -129.9066925049 161.6568145752 -154.5323486328 
> 20 	 0.7545289993 -0.7538453341 1.2745399475 	 6.2180790901 -6.4973101616 9.6311626434 	 113.1525192261 -117.9962615967 174.9683837891 
> 21 	 0.5092591643 -0.8858681917 -0.9045698643 	 4.4034166336 -8.0764694214 -7.4433832169 	 80.2084960938 -147.0986938477 -135.1355590820 
> 22 	 0.8517655730 -0.2200328857 -1.2417297363 	 6.9643077850 -2.1960756779 -10.3102779388 	 126.5631484985 -39.6748962402 -187.5242156982 
> 23 	 0.7918926477 1.2351270914 1.3896098137 	 6.2916502953 8.3101654053 9.7865839005 	 114.4483261108 150.7273101807 177.4896087646 
> 24 	 -1.1357982159 -0.7984598279 -0.8071538806 	 -9.3357543945 -6.6378722191 -6.6937255859 	 -170.0117340088 -120.1324996948 -121.6810379028 
> 25 	 0.3060504794 0.3430209160 -0.8751906753 	 2.4959325790 2.4279561043 -8.0146636963 	 45.1057815552 44.4433555603 -146.3907775879 
> 26 	 -0.9868105650 0.1426555067 0.8108284473 	 -8.1239309311 0.3985454440 6.3150897026 	 -147.9974365234 7.2314996719 114.9237670898 
> 27 	 -0.0552730411 -0.0960329324 0.1675127447 	 -0.2893874347 -1.6754813194 1.4584714174 	 -5.1984968185 -30.7257385254 26.9113292694 
> 28 	 -0.7459121346 1.2095909119 1.1175767183 	 -5.7384996414 8.9412631989 7.7135672569 	 -104.3529052734 162.7761383057 139.5179443359 
> 29 	 0.1832261831 -1.2172425985 1.0973716974 	 1.5463480949 -10.1925401688 8.3067741394 	 28.0654869080 -185.1770477295 150.9548797607 
> 30 	 0.5253806710 0.9999469519 -1.1094136238 	 4.3500075340 7.5885171890 -9.5191230774 	 79.0011520386 138.0482025146 -173.2485046387 
> 31 	 0.3874726892 0.0028728605 -0.4488339424 	 3.6855514050 -0.6709418893 -3.9246096611 	 67.4932250977 -12.1858186722 -71.3353195190 
